ID_CONTRATO	num_clientes	cod_clientes
2800371	2	860048254 900121673
2800415	3	29536105 6321604 29286975
2800559	2	805014407 900206793
2800566	2	890301682 805007674
2800568	2	860001982 830106416
2800750	2	815004679 900763977
2801088	2	805005797 900566675
2801226	2	900545750 900667856
2855748	2	29281122 900415764
2857689	2	800058912 890318278
2895493	2	830119397 900916121
2915387	2	860530055 900864250
2919735	2	860532145 900897223
2925928	2	900468060 900321880
2926222	2	900335875 900073946
2926384	2	900335875 900073946
2926385	2	900335875 900073946
2944829	2	830119397 900916121
2955540	2	860042141 900889452
2956781	2	815001778 900009026
